Run 1 
==========
Model: rigid
Length: 70
Start: 0
End: 69
   rigid_position.x:-0.000647768708194
   rigid_position.y:-0.161997869874
   rigid_position.z:0.0265570487778
   rigid_orientation.x:0.0241000717486
   rigid_orientation.y:0.037030663621
   rigid_orientation.z:-0.0244672233444
   rigid_orientation.w:0.998723821422
   log_likelihood:150.236941577
   model_evidence:137.491455851

=========================================


